0.000 0.165
0.010 0.154
0.020 0.161
0.030 0.170
0.040 0.175
0.050 0.152
0.060 0.187
0.070 0.187
0.080 0.182
0.090 0.181
0.100 0.183
0.110 0.192
0.120 0.193
0.130 0.197
0.140 0.209
0.150 0.199
0.160 0.205
0.170 0.217
0.180 0.204
0.190 0.207
0.200 0.232
0.210 0.206
0.220 0.216
0.230 0.228
0.240 0.223
0.250 0.234
0.260 0.230
0.270 0.265
0.280 0.246
0.290 0.231
0.300 0.262
0.310 0.258
0.320 0.263
0.330 0.278
0.340 0.251
0.350 0.271
0.360 0.281
0.370 0.293
0.380 0.297
0.390 0.291
0.400 0.300
0.410 0.285
0.420 0.315
0.430 0.303
0.440 0.327
0.450 0.333
0.460 0.303
0.470 0.328
0.480 0.345
0.490 0.323
0.501 0.344
0.511 0.337
0.521 0.324
0.531 0.360
0.541 0.351
0.551 0.371
0.561 0.362
0.571 0.373
0.581 0.381
0.591 0.376
0.601 0.386
0.611 0.398
0.621 0.400
0.631 0.416
0.641 0.410
0.651 0.421
0.661 0.419
0.671 0.429
0.681 0.424
0.691 0.421
0.701 0.432
0.711 0.431
0.721 0.434
0.731 0.457
0.741 0.460
0.751 0.458
0.761 0.476
0.771 0.480
0.781 0.474
0.791 0.483
0.801 0.506
0.811 0.515
0.821 0.520
0.831 0.525
0.841 0.519
0.851 0.526
0.861 0.525
0.871 0.527
0.881 0.543
0.891 0.547
0.901 0.556
0.911 0.543
0.921 0.552
0.931 0.561
0.941 0.583
0.951 0.588
0.961 0.587
0.971 0.599
0.981 0.616
0.991 0.616
1.001 0.618
1.011 0.611
1.021 0.629
1.031 0.626
1.041 0.630
1.051 0.637
1.061 0.640
1.071 0.649
1.081 0.666
1.091 0.668
1.101 0.681
1.111 0.678
1.121 0.688
1.131 0.703
1.141 0.699
1.151 0.698
1.161 0.703
1.171 0.707
1.181 0.709
1.191 0.728
1.201 0.719
1.211 0.710
1.221 0.726
1.231 0.759
1.241 0.747
1.251 0.761
1.261 0.767
1.271 0.774
1.281 0.777
1.291 0.762
1.301 0.780
1.311 0.785
1.321 0.798
1.331 0.808
1.341 0.804
1.351 0.794
1.361 0.825
1.371 0.807
1.381 0.831
1.391 0.834
1.401 0.839
1.411 0.841
1.421 0.862
1.431 0.850
1.441 0.841
1.451 0.848
1.461 0.861
1.471 0.877
1.481 0.862
1.491 0.868
1.502 0.880
1.512 0.899
1.522 0.894
1.532 0.874
1.542 0.888
1.552 0.900
1.562 0.908
1.572 0.908
1.582 0.917
1.592 0.926
1.602 0.910
1.612 0.918
1.622 0.916
1.632 0.920
1.642 0.914
1.652 0.932
1.662 0.949
1.672 0.947
1.682 0.925
1.692 0.932
1.702 0.959
1.712 0.963
1.722 0.947
1.732 0.947
1.742 0.943
1.752 0.953
1.762 0.987
1.772 0.992
1.782 0.973
1.792 0.963
1.802 0.959
1.812 0.988
1.822 0.968
1.832 0.970
1.842 0.997
1.852 0.989
1.862 0.983
1.872 0.981
1.882 0.979
1.892 0.990
1.902 0.994
1.912 0.966
1.922 0.983
1.932 0.997
1.942 0.997
1.952 0.985
1.962 0.989
1.972 0.981
1.982 0.987
1.992 0.988
2.002 0.998
2.012 0.991
2.022 0.970
2.032 0.982
2.042 0.981
2.052 0.985
2.062 0.989
2.072 0.987
2.082 1.000
2.092 0.995
2.102 0.990
2.112 0.986
2.122 0.977
2.132 0.993
2.142 0.998
2.152 0.962
2.162 0.988
2.172 0.968
2.182 0.976
2.192 0.965
2.202 0.964
2.212 0.989
2.222 0.961
2.232 0.979
2.242 0.973
2.252 0.964
2.262 0.968
2.272 0.960
2.282 0.944
2.292 0.951
2.302 0.949
2.312 0.943
2.322 0.938
2.332 0.934
2.342 0.930
2.352 0.936
2.362 0.933
2.372 0.934
2.382 0.928
2.392 0.922
2.402 0.932
2.412 0.922
2.422 0.925
2.432 0.890
2.442 0.896
2.452 0.915
2.462 0.882
2.472 0.895
2.482 0.898
2.492 0.884
2.503 0.877
2.513 0.865
2.523 0.871
2.533 0.875
2.543 0.868
2.553 0.854
2.563 0.856
2.573 0.850
2.583 0.833
2.593 0.853
2.603 0.824
2.613 0.836
2.623 0.829
2.633 0.814
2.643 0.805
2.653 0.795
2.663 0.797
2.673 0.793
2.683 0.783
2.693 0.791
2.703 0.768
2.713 0.776
2.723 0.799
2.733 0.759
2.743 0.753
2.753 0.740
2.763 0.737
2.773 0.727
2.783 0.741
2.793 0.739
2.803 0.716
2.813 0.721
2.823 0.722
2.833 0.721
2.843 0.707
2.853 0.692
2.863 0.700
2.873 0.693
2.883 0.677
2.893 0.678
2.903 0.666
2.913 0.663
2.923 0.639
2.933 0.642
2.943 0.658
2.953 0.653
2.963 0.653
2.973 0.622
2.983 0.621
2.993 0.632
3.003 0.604
3.013 0.611
3.023 0.612
3.033 0.584
3.043 0.592
3.053 0.577
3.063 0.568
3.073 0.577
3.083 0.573
3.093 0.559
3.103 0.539
3.113 0.543
3.123 0.539
3.133 0.545
3.143 0.520
3.153 0.532
3.163 0.538
3.173 0.509
3.183 0.512
3.193 0.514
3.203 0.499
3.213 0.471
3.223 0.479
3.233 0.482
3.243 0.468
3.253 0.485
3.263 0.475
3.273 0.451
3.283 0.453
3.293 0.422
3.303 0.437
3.313 0.443
3.323 0.427
3.333 0.437
3.343 0.417
3.353 0.400
3.363 0.418
3.373 0.398
3.383 0.407
3.393 0.380
3.403 0.400
3.413 0.389
3.423 0.358
3.433 0.352
3.443 0.361
3.453 0.374
3.463 0.365
3.473 0.351
3.483 0.346
3.493 0.339
3.504 0.335
3.514 0.336
3.524 0.322
3.534 0.316
3.544 0.317
3.554 0.316
3.564 0.311
3.574 0.300
3.584 0.301
3.594 0.302
3.604 0.276
3.614 0.305
3.624 0.265
3.634 0.294
3.644 0.270
3.654 0.300
3.664 0.265
3.674 0.249
3.684 0.243
3.694 0.250
3.704 0.261
3.714 0.247
3.724 0.254
3.734 0.247
3.744 0.225
3.754 0.230
3.764 0.238
3.774 0.239
3.784 0.205
3.794 0.216
3.804 0.237
3.814 0.207
3.824 0.206
3.834 0.202
3.844 0.214
3.854 0.201
3.864 0.204
3.874 0.187
3.884 0.190
3.894 0.188
3.904 0.178
3.914 0.185
3.924 0.179
3.934 0.162
3.944 0.171
3.954 0.172
3.964 0.169
3.974 0.165
3.984 0.165
3.994 0.164
4.004 0.161
4.014 0.160
4.024 0.154
4.034 0.133
4.044 0.148
4.054 0.152
4.064 0.146
4.074 0.138
4.084 0.137
4.094 0.127
4.104 0.136
4.114 0.146
4.124 0.111
4.134 0.132
4.144 0.136
4.154 0.122
4.164 0.129
4.174 0.140
4.184 0.106
4.194 0.116
4.204 0.107
4.214 0.105
4.224 0.108
4.234 0.098
4.244 0.119
4.254 0.093
4.264 0.098
4.274 0.110
4.284 0.101
4.294 0.081
4.304 0.080
4.314 0.108
4.324 0.103
4.334 0.093
4.344 0.074
4.354 0.090
4.364 0.093
4.374 0.076
4.384 0.073
4.394 0.069
4.404 0.089
4.414 0.093
4.424 0.085
4.434 0.056
4.444 0.067
4.454 0.086
4.464 0.079
4.474 0.083
4.484 0.075
4.494 0.054
4.505 0.070
4.515 0.063
4.525 0.094
4.535 0.071
4.545 0.063
4.555 0.069
4.565 0.059
4.575 0.051
4.585 0.055
4.595 0.059
4.605 0.065
4.615 0.060
4.625 0.049
4.635 0.061
4.645 0.055
4.655 0.063
4.665 0.053
4.675 0.037
4.685 0.052
4.695 0.042
4.705 0.062
4.715 0.047
4.725 0.056
4.735 0.068
4.745 0.052
4.755 0.054
4.765 0.045
4.775 0.044
4.785 0.061
4.795 0.055
4.805 0.034
4.815 0.043
4.825 0.050
4.835 0.056
4.845 0.037
4.855 0.045
4.865 0.032
4.875 0.038
4.885 0.026
4.895 0.060
4.905 0.042
4.915 0.047
4.925 0.019
4.935 0.039
4.945 0.040
4.955 0.028
4.965 0.041
4.975 0.032
4.985 0.036
4.995 0.043
5.005 0.049
5.015 0.054
5.025 0.027
5.035 0.031
5.045 0.048
5.055 0.036
5.065 0.047
5.075 0.023
5.085 0.024
5.095 0.025
5.105 0.052
5.115 0.032
5.125 0.017
5.135 0.042
5.145 0.032
5.155 0.042
5.165 0.031
5.175 0.031
5.185 0.024
5.195 0.036
5.205 0.038
5.215 0.039
5.225 0.036
5.235 0.032
5.245 0.044
5.255 0.036
5.265 0.015
5.275 0.035
5.285 0.027
5.295 0.052
5.305 0.029
5.315 0.036
5.325 0.036
5.335 0.023
5.345 0.015
5.355 0.013
5.365 0.029
5.375 0.021
5.385 0.030
5.395 0.041
5.405 0.028
5.415 0.025
5.425 0.032
5.435 0.033
5.445 0.030
5.455 0.040
5.465 0.015
5.475 0.045
5.485 0.043
5.495 0.022
5.506 0.000
5.516 0.041
5.526 0.017
5.536 0.038
5.546 0.017
5.556 0.019
5.566 0.038
5.576 0.034
5.586 0.025
5.596 0.018
5.606 0.018
5.616 0.013
5.626 0.036
5.636 0.034
5.646 0.054
5.656 0.021
5.666 0.025
5.676 0.026
5.686 0.020
5.696 0.037
5.706 0.031
5.716 0.030
5.726 0.035
5.736 0.024
5.746 0.024
5.756 0.030
5.766 0.032
5.776 0.015
5.786 0.029
5.796 0.041
5.806 0.011
5.816 0.032
5.826 0.029
5.836 0.044
5.846 0.031
5.856 0.030
5.866 0.047
5.876 0.021
5.886 0.039
5.896 0.029
5.906 0.040
5.916 0.023
5.926 0.023
5.936 0.020
5.946 0.029
5.956 0.034
5.966 0.042
5.976 0.042
5.986 0.026
5.996 0.036
6.006 0.026
6.016 0.027
6.026 0.029
6.036 0.052
6.046 0.028
6.056 0.038
6.066 0.033
6.076 0.042
6.086 0.021
6.096 0.016
6.106 0.025
6.116 0.022
6.126 0.021
6.136 0.039
6.146 0.024
6.156 0.025
6.166 0.040
6.176 0.030
6.186 0.026
6.196 0.027
6.206 0.017
6.216 0.035
6.226 0.024
6.236 0.019
6.246 0.030
6.256 0.044
6.266 0.028
6.276 0.024
6.286 0.029
6.296 0.033
6.306 0.031
6.316 0.022
6.326 0.028
6.336 0.028
6.346 0.049
6.356 0.031
6.366 0.032
6.376 0.032
6.386 0.045
6.396 0.014
6.406 0.038
6.416 0.015
6.426 0.019
6.436 0.043
6.446 0.031
6.456 0.024
6.466 0.030
6.476 0.039
6.486 0.028
6.496 0.030
6.507 0.023
6.517 0.031
6.527 0.021
6.537 0.009
6.547 0.021
6.557 0.025
6.567 0.022
6.577 0.028
6.587 0.021
6.597 0.023
6.607 0.020
6.617 0.023
6.627 0.021
6.637 0.026
6.647 0.020
6.657 0.031
6.667 0.023
6.677 0.037
6.687 0.029
6.697 0.021
6.707 0.028
6.717 0.044
6.727 0.025
6.737 0.018
6.747 0.021
6.757 0.036
6.767 0.023
6.777 0.049
6.787 0.028
6.797 0.008
6.807 0.012
6.817 0.023
6.827 0.036
6.837 0.034
6.847 0.020
6.857 0.032
6.867 0.029
6.877 0.034
6.887 0.020
6.897 0.017
6.907 0.045
6.917 0.022
6.927 0.010
6.937 0.023
6.947 0.025
6.957 0.022
6.967 0.032
6.977 0.034
6.987 0.038
6.997 0.010
7.007 0.029
7.017 0.043
7.027 0.026
7.037 0.036
7.047 0.023
7.057 0.038
7.067 0.004
7.077 0.029
7.087 0.032
7.097 0.024
7.107 0.037
7.117 0.027
7.127 0.034
7.137 0.019
7.147 0.019
7.157 0.023
7.167 0.029
7.177 0.023
7.187 0.023
7.197 0.035
7.207 0.018
7.217 0.026
7.227 0.047
7.237 0.036
7.247 0.029
7.257 0.026
7.267 0.027
7.277 0.035
7.287 0.025
7.297 0.024
7.307 0.027
7.317 0.034
7.327 0.032
7.337 0.031
7.347 0.032
7.357 0.027
7.367 0.029
7.377 0.012
7.387 0.016
7.397 0.033
7.407 0.035
7.417 0.022
7.427 0.022
7.437 0.045
7.447 0.029
7.457 0.028
7.467 0.040
7.477 0.015
7.487 0.029
7.497 0.044
7.508 0.012
7.518 0.025
7.528 0.023
7.538 0.033
7.548 0.025
7.558 0.015
7.568 0.023
7.578 0.011
7.588 0.031
7.598 0.038
7.608 0.029
7.618 0.033
7.628 0.027
7.638 0.028
7.648 0.034
7.658 0.041
7.668 0.031
7.678 0.031
7.688 0.040
7.698 0.020
7.708 0.020
7.718 0.034
7.728 0.042
7.738 0.031
7.748 0.023
7.758 0.037
7.768 0.017
7.778 0.033
7.788 0.044
7.798 0.020
7.808 0.023
7.818 0.033
7.828 0.029
7.838 0.019
7.848 0.032
7.858 0.023
7.868 0.028
7.878 0.037
7.888 0.034
7.898 0.017
7.908 0.039
7.918 0.029
7.928 0.026
7.938 0.031
7.948 0.019
7.958 0.010
7.968 0.042
7.978 0.035
7.988 0.010
7.998 0.024
8.008 0.024
8.018 0.042
8.028 0.046
8.038 0.015
8.048 0.048
8.058 0.030
8.068 0.021
8.078 0.030
8.088 0.046
8.098 0.015
8.108 0.019
8.118 0.033
8.128 0.027
8.138 0.011
8.148 0.024
8.158 0.023
8.168 0.018
8.178 0.020
8.188 0.031
8.198 0.013
8.208 0.027
8.218 0.030
8.228 0.031
8.238 0.044
8.248 0.027
8.258 0.030
8.268 0.038
8.278 0.039
8.288 0.023
8.298 0.024
8.308 0.017
8.318 0.034
8.328 0.027
8.338 0.026
8.348 0.033
8.358 0.033
8.368 0.022
8.378 0.039
8.388 0.045
8.398 0.022
8.408 0.025
8.418 0.018
8.428 0.018
8.438 0.038
8.448 0.027
8.458 0.042
8.468 0.021
8.478 0.035
8.488 0.029
8.498 0.020
8.509 0.024
8.519 0.040
8.529 0.021
8.539 0.017
8.549 0.040
8.559 0.023
8.569 0.019
8.579 0.024
8.589 0.022
8.599 0.019
8.609 0.031
8.619 0.037
8.629 0.049
8.639 0.029
8.649 0.022
8.659 0.034
8.669 0.030
8.679 0.009
8.689 0.020
8.699 0.018
8.709 0.010
8.719 0.021
8.729 0.020
8.739 0.015
8.749 0.033
8.759 0.014
8.769 0.029
8.779 0.033
8.789 0.025
8.799 0.025
8.809 0.014
8.819 0.053
8.829 0.014
8.839 0.026
8.849 0.014
8.859 0.023
8.869 0.031
8.879 0.033
8.889 0.020
8.899 0.039
8.909 0.027
8.919 0.043
8.929 0.015
8.939 0.015
8.949 0.024
8.959 0.041
8.969 0.038
8.979 0.033
8.989 0.025
8.999 0.011
9.009 0.030
9.019 0.034
9.029 0.045
9.039 0.023
9.049 0.026
9.059 0.030
9.069 0.022
9.079 0.018
9.089 0.025
9.099 0.027
9.109 0.029
9.119 0.024
9.129 0.013
9.139 0.019
9.149 0.033
9.159 0.009
9.169 0.024
9.179 0.039
9.189 0.017
9.199 0.024
9.209 0.034
9.219 0.017
9.229 0.007
9.239 0.036
9.249 0.021
9.259 0.028
9.269 0.017
9.279 0.046
9.289 0.026
9.299 0.030
9.309 0.030
9.319 0.022
9.329 0.025
9.339 0.036
9.349 0.007
9.359 0.038
9.369 0.013
9.379 0.020
9.389 0.016
9.399 0.027
9.409 0.025
9.419 0.029
9.429 0.002
9.439 0.012
9.449 0.023
9.459 0.024
9.469 0.043
9.479 0.020
9.489 0.004
9.499 0.017
9.510 0.041
9.520 0.028
9.530 0.013
9.540 0.019
9.550 0.028
9.560 0.012
9.570 0.020
9.580 0.020
9.590 0.037
9.600 0.051
9.610 0.027
9.620 0.026
9.630 0.022
9.640 0.017
9.650 0.030
9.660 0.020
9.670 0.027
9.680 0.015
9.690 0.026
9.700 0.033
9.710 0.024
9.720 0.022
9.730 0.024
9.740 0.035
9.750 0.027
9.760 0.020
9.770 0.024
9.780 0.028
9.790 0.027
9.800 0.031
9.810 0.027
9.820 0.019
9.830 0.027
9.840 0.029
9.850 0.012
9.860 0.021
9.870 0.021
9.880 0.026
9.890 0.040
9.900 0.020
9.910 0.030
9.920 0.036
9.930 0.027
9.940 0.051
9.950 0.023
9.960 0.017
9.970 0.032
9.980 0.013
9.990 0.038
10.000 0.020
