0.000 0.037
0.010 0.042
0.020 0.026
0.030 0.025
0.040 0.040
0.050 0.024
0.060 0.021
0.070 0.027
0.080 0.020
0.090 0.029
0.100 0.014
0.110 0.052
0.120 0.020
0.130 0.042
0.140 0.031
0.150 0.049
0.160 0.049
0.170 0.034
0.180 0.039
0.190 0.024
0.200 0.027
0.210 0.022
0.220 0.022
0.230 0.028
0.240 0.022
0.250 0.030
0.260 0.035
0.270 0.024
0.280 0.041
0.290 0.023
0.300 0.009
0.310 0.023
0.320 0.035
0.330 0.018
0.340 0.037
0.350 0.026
0.360 0.054
0.370 0.047
0.380 0.049
0.390 0.022
0.400 0.015
0.410 0.024
0.420 0.012
0.430 0.022
0.440 0.019
0.450 0.028
0.460 0.017
0.470 0.006
0.480 0.028
0.490 0.000
0.501 0.026
0.511 0.033
0.521 0.016
0.531 0.024
0.541 0.034
0.551 0.033
0.561 0.050
0.571 0.049
0.581 0.030
0.591 0.035
0.601 0.011
0.611 0.033
0.621 0.040
0.631 0.032
0.641 0.028
0.651 0.033
0.661 0.041
0.671 0.043
0.681 0.019
0.691 0.037
0.701 0.033
0.711 0.025
0.721 0.015
0.731 0.019
0.741 0.029
0.751 0.041
0.761 0.029
0.771 0.025
0.781 0.055
0.791 0.063
0.801 0.022
0.811 0.039
0.821 0.041
0.831 0.050
0.841 0.029
0.851 0.013
0.861 0.033
0.871 0.032
0.881 0.020
0.891 0.022
0.901 0.043
0.911 0.024
0.921 0.046
0.931 0.023
0.941 0.024
0.951 0.016
0.961 0.044
0.971 0.054
0.981 0.023
0.991 0.040
1.001 0.034
1.011 0.033
1.021 0.046
1.031 0.042
1.041 0.027
1.051 0.028
1.061 0.037
1.071 0.012
1.081 0.012
1.091 0.019
1.101 0.028
1.111 0.033
1.121 0.027
1.131 0.013
1.141 0.037
1.151 0.016
1.161 0.026
1.171 0.009
1.181 0.017
1.191 0.019
1.201 0.023
1.211 0.041
1.221 0.026
1.231 0.042
1.241 0.037
1.251 0.012
1.261 0.015
1.271 0.038
1.281 0.019
1.291 0.056
1.301 0.024
1.311 0.021
1.321 0.035
1.331 0.020
1.341 0.015
1.351 0.026
1.361 0.012
1.371 0.030
1.381 0.027
1.391 0.017
1.401 0.029
1.411 0.031
1.421 0.034
1.431 0.034
1.441 0.029
1.451 0.012
1.461 0.007
1.471 0.047
1.481 0.030
1.491 0.021
1.502 0.030
1.512 0.031
1.522 0.038
1.532 0.022
1.542 0.019
1.552 0.007
1.562 0.047
1.572 0.008
1.582 0.033
1.592 0.032
1.602 0.021
1.612 0.034
1.622 0.027
1.632 0.035
1.642 0.032
1.652 0.023
1.662 0.037
1.672 0.035
1.682 0.034
1.692 0.040
1.702 0.036
1.712 0.031
1.722 0.029
1.732 0.030
1.742 0.024
1.752 0.028
1.762 0.038
1.772 0.029
1.782 0.038
1.792 0.037
1.802 0.041
1.812 0.023
1.822 0.025
1.832 0.040
1.842 0.033
1.852 0.037
1.862 0.009
1.872 0.039
1.882 0.015
1.892 0.023
1.902 0.015
1.912 0.046
1.922 0.030
1.932 0.033
1.942 0.038
1.952 0.023
1.962 0.035
1.972 0.026
1.982 0.023
1.992 0.013
2.002 0.029
2.012 0.049
2.022 0.038
2.032 0.032
2.042 0.036
2.052 0.022
2.062 0.033
2.072 0.023
2.082 0.024
2.092 0.014
2.102 0.039
2.112 0.021
2.122 0.019
2.132 0.025
2.142 0.034
2.152 0.033
2.162 0.011
2.172 0.030
2.182 0.027
2.192 0.037
2.202 0.024
2.212 0.031
2.222 0.024
2.232 0.039
2.242 0.032
2.252 0.044
2.262 0.043
2.272 0.041
2.282 0.034
2.292 0.039
2.302 0.039
2.312 0.032
2.322 0.047
2.332 0.043
2.342 0.034
2.352 0.050
2.362 0.036
2.372 0.037
2.382 0.035
2.392 0.036
2.402 0.046
2.412 0.028
2.422 0.034
2.432 0.027
2.442 0.024
2.452 0.014
2.462 0.022
2.472 0.024
2.482 0.021
2.492 0.041
2.503 0.031
2.513 0.034
2.523 0.052
2.533 0.035
2.543 0.030
2.553 0.040
2.563 0.034
2.573 0.027
2.583 0.042
2.593 0.011
2.603 0.022
2.613 0.025
2.623 0.032
2.633 0.026
2.643 0.037
2.653 0.030
2.663 0.029
2.673 0.045
2.683 0.016
2.693 0.028
2.703 0.024
2.713 0.042
2.723 0.020
2.733 0.031
2.743 0.017
2.753 0.022
2.763 0.034
2.773 0.026
2.783 0.032
2.793 0.035
2.803 0.023
2.813 0.032
2.823 0.037
2.833 0.025
2.843 0.024
2.853 0.038
2.863 0.030
2.873 0.044
2.883 0.030
2.893 0.043
2.903 0.046
2.913 0.024
2.923 0.044
2.933 0.023
2.943 0.033
2.953 0.043
2.963 0.032
2.973 0.047
2.983 0.036
2.993 0.032
3.003 0.014
3.013 0.025
3.023 0.036
3.033 0.014
3.043 0.026
3.053 0.020
3.063 0.053
3.073 0.043
3.083 0.043
3.093 0.035
3.103 0.040
3.113 0.021
3.123 0.030
3.133 0.046
3.143 0.030
3.153 0.017
3.163 0.028
3.173 0.020
3.183 0.029
3.193 0.042
3.203 0.046
3.213 0.053
3.223 0.026
3.233 0.018
3.243 0.028
3.253 0.011
3.263 0.032
3.273 0.046
3.283 0.023
3.293 0.047
3.303 0.036
3.313 0.042
3.323 0.024
3.333 0.019
3.343 0.036
3.353 0.020
3.363 0.028
3.373 0.033
3.383 0.022
3.393 0.026
3.403 0.018
3.413 0.030
3.423 0.026
3.433 0.011
3.443 0.044
3.453 0.035
3.463 0.032
3.473 0.027
3.483 0.038
3.493 0.017
3.504 0.030
3.514 0.015
3.524 0.041
3.534 0.037
3.544 0.047
3.554 0.021
3.564 0.033
3.574 0.039
3.584 0.031
3.594 0.028
3.604 0.042
3.614 0.022
3.624 0.036
3.634 0.021
3.644 0.019
3.654 0.042
3.664 0.032
3.674 0.033
3.684 0.047
3.694 0.025
3.704 0.034
3.714 0.024
3.724 0.029
3.734 0.018
3.744 0.027
3.754 0.036
3.764 0.021
3.774 0.031
3.784 0.036
3.794 0.042
3.804 0.040
3.814 0.033
3.824 0.030
3.834 0.023
3.844 0.038
3.854 0.035
3.864 0.013
3.874 0.010
3.884 0.033
3.894 0.017
3.904 0.027
3.914 0.040
3.924 0.009
3.934 0.011
3.944 0.028
3.954 0.022
3.964 0.019
3.974 0.040
3.984 0.035
3.994 0.029
4.004 0.043
4.014 0.031
4.024 0.045
4.034 0.028
4.044 0.012
4.054 0.042
4.064 0.039
4.074 0.024
4.084 0.023
4.094 0.033
4.104 0.039
4.114 0.026
4.124 0.028
4.134 0.022
4.144 0.037
4.154 0.033
4.164 0.020
4.174 0.020
4.184 0.036
4.194 0.030
4.204 0.038
4.214 0.018
4.224 0.040
4.234 0.036
4.244 0.038
4.254 0.033
4.264 0.024
4.274 0.034
4.284 0.029
4.294 0.017
4.304 0.029
4.314 0.034
4.324 0.050
4.334 0.039
4.344 0.015
4.354 0.029
4.364 0.022
4.374 0.045
4.384 0.035
4.394 0.019
4.404 0.031
4.414 0.022
4.424 0.039
4.434 0.026
4.444 0.019
4.454 0.048
4.464 0.041
4.474 0.028
4.484 0.025
4.494 0.027
4.505 0.036
4.515 0.037
4.525 0.033
4.535 0.027
4.545 0.029
4.555 0.017
4.565 0.032
4.575 0.025
4.585 0.013
4.595 0.038
4.605 0.027
4.615 0.033
4.625 0.031
4.635 0.042
4.645 0.034
4.655 0.030
4.665 0.036
4.675 0.028
4.685 0.037
4.695 0.030
4.705 0.028
4.715 0.020
4.725 0.016
4.735 0.031
4.745 0.029
4.755 0.042
4.765 0.040
4.775 0.041
4.785 0.038
4.795 0.033
4.805 0.032
4.815 0.041
4.825 0.024
4.835 0.021
4.845 0.037
4.855 0.038
4.865 0.043
4.875 0.024
4.885 0.030
4.895 0.048
4.905 0.047
4.915 0.022
4.925 0.030
4.935 0.034
4.945 0.029
4.955 0.042
4.965 0.033
4.975 0.049
4.985 0.045
4.995 0.032
5.005 0.057
5.015 0.039
5.025 0.058
5.035 0.035
5.045 0.038
5.055 0.056
5.065 0.036
5.075 0.049
5.085 0.051
5.095 0.047
5.105 0.037
5.115 0.060
5.125 0.044
5.135 0.044
5.145 0.051
5.155 0.038
5.165 0.046
5.175 0.050
5.185 0.038
5.195 0.032
5.205 0.076
5.215 0.060
5.225 0.038
5.235 0.060
5.245 0.057
5.255 0.050
5.265 0.048
5.275 0.064
5.285 0.036
5.295 0.058
5.305 0.053
5.315 0.050
5.325 0.052
5.335 0.066
5.345 0.066
5.355 0.058
5.365 0.066
5.375 0.071
5.385 0.078
5.395 0.083
5.405 0.063
5.415 0.077
5.425 0.069
5.435 0.060
5.445 0.075
5.455 0.076
5.465 0.080
5.475 0.086
5.485 0.065
5.495 0.074
5.506 0.064
5.516 0.083
5.526 0.070
5.536 0.083
5.546 0.066
5.556 0.078
5.566 0.079
5.576 0.080
5.586 0.075
5.596 0.073
5.606 0.076
5.616 0.087
5.626 0.079
5.636 0.088
5.646 0.091
5.656 0.075
5.666 0.112
5.676 0.095
5.686 0.101
5.696 0.091
5.706 0.089
5.716 0.089
5.726 0.109
5.736 0.117
5.746 0.092
5.756 0.111
5.766 0.108
5.776 0.114
5.786 0.117
5.796 0.111
5.806 0.122
5.816 0.100
5.826 0.120
5.836 0.113
5.846 0.131
5.856 0.124
5.866 0.123
5.876 0.137
5.886 0.126
5.896 0.147
5.906 0.127
5.916 0.155
5.926 0.141
5.936 0.159
5.946 0.155
5.956 0.135
5.966 0.146
5.976 0.145
5.986 0.131
5.996 0.176
6.006 0.162
6.016 0.173
6.026 0.180
6.036 0.180
6.046 0.184
6.056 0.180
6.066 0.180
6.076 0.193
6.086 0.185
6.096 0.186
6.106 0.180
6.116 0.178
6.126 0.208
6.136 0.213
6.146 0.208
6.156 0.226
6.166 0.205
6.176 0.199
6.186 0.226
6.196 0.200
6.206 0.214
6.216 0.224
6.226 0.233
6.236 0.231
6.246 0.230
6.256 0.241
6.266 0.237
6.276 0.260
6.286 0.234
6.296 0.264
6.306 0.259
6.316 0.264
6.326 0.266
6.336 0.276
6.346 0.278
6.356 0.280
6.366 0.288
6.376 0.292
6.386 0.295
6.396 0.286
6.406 0.308
6.416 0.290
6.426 0.291
6.436 0.313
6.446 0.314
6.456 0.314
6.466 0.316
6.476 0.331
6.486 0.343
6.496 0.334
6.507 0.356
6.517 0.356
6.527 0.354
6.537 0.352
6.547 0.380
6.557 0.371
6.567 0.376
6.577 0.374
6.587 0.371
6.597 0.380
6.607 0.382
6.617 0.410
6.627 0.401
6.637 0.408
6.647 0.409
6.657 0.424
6.667 0.444
6.677 0.432
6.687 0.443
6.697 0.440
6.707 0.442
6.717 0.452
6.727 0.462
6.737 0.455
6.747 0.466
6.757 0.465
6.767 0.468
6.777 0.499
6.787 0.483
6.797 0.488
6.807 0.511
6.817 0.500
6.827 0.523
6.837 0.527
6.847 0.523
6.857 0.540
6.867 0.530
6.877 0.526
6.887 0.546
6.897 0.538
6.907 0.550
6.917 0.572
6.927 0.559
6.937 0.573
6.947 0.593
6.957 0.576
6.967 0.582
6.977 0.606
6.987 0.590
6.997 0.615
7.007 0.620
7.017 0.625
7.027 0.624
7.037 0.652
7.047 0.647
7.057 0.645
7.067 0.634
7.077 0.661
7.087 0.658
7.097 0.672
7.107 0.673
7.117 0.682
7.127 0.683
7.137 0.693
7.147 0.703
7.157 0.705
7.167 0.714
7.177 0.726
7.187 0.717
7.197 0.737
7.207 0.752
7.217 0.738
7.227 0.736
7.237 0.741
7.247 0.760
7.257 0.752
7.267 0.760
7.277 0.776
7.287 0.765
7.297 0.768
7.307 0.781
7.317 0.791
7.327 0.797
7.337 0.815
7.347 0.796
7.357 0.797
7.367 0.816
7.377 0.810
7.387 0.809
7.397 0.846
7.407 0.824
7.417 0.832
7.427 0.839
7.437 0.846
7.447 0.852
7.457 0.858
7.467 0.859
7.477 0.843
7.487 0.876
7.497 0.885
7.508 0.869
7.518 0.879
7.528 0.889
7.538 0.854
7.548 0.878
7.558 0.906
7.568 0.882
7.578 0.918
7.588 0.911
7.598 0.927
7.608 0.925
7.618 0.911
7.628 0.922
7.638 0.923
7.648 0.930
7.658 0.919
7.668 0.934
7.678 0.940
7.688 0.957
7.698 0.934
7.708 0.951
7.718 0.959
7.728 0.955
7.738 0.955
7.748 0.960
7.758 0.959
7.768 0.966
7.778 0.960
7.788 0.966
7.798 0.968
7.808 0.980
7.818 0.979
7.828 0.976
7.838 0.995
7.848 0.989
7.858 0.980
7.868 0.981
7.878 0.978
7.888 0.980
7.898 0.994
7.908 0.979
7.918 0.965
7.928 1.000
7.938 0.977
7.948 0.983
7.958 0.963
7.968 0.991
7.978 0.977
7.988 0.990
7.998 0.993
8.008 0.982
8.018 0.984
8.028 0.994
8.038 0.976
8.048 0.994
8.058 0.982
8.068 0.988
8.078 0.990
8.088 0.997
8.098 0.991
8.108 0.976
8.118 0.972
8.128 0.997
8.138 0.979
8.148 0.966
8.158 0.971
8.168 0.975
8.178 0.972
8.188 0.972
8.198 0.957
8.208 0.978
8.218 0.970
8.228 0.962
8.238 0.965
8.248 0.944
8.258 0.951
8.268 0.954
8.278 0.954
8.288 0.955
8.298 0.949
8.308 0.942
8.318 0.941
8.328 0.949
8.338 0.936
8.348 0.936
8.358 0.928
8.368 0.918
8.378 0.924
8.388 0.906
8.398 0.910
8.408 0.920
8.418 0.927
8.428 0.907
8.438 0.903
8.448 0.890
8.458 0.908
8.468 0.864
8.478 0.873
8.488 0.900
8.498 0.857
8.509 0.875
8.519 0.874
8.529 0.860
8.539 0.855
8.549 0.854
8.559 0.838
8.569 0.853
8.579 0.830
8.589 0.834
8.599 0.835
8.609 0.819
8.619 0.825
8.629 0.826
8.639 0.800
8.649 0.813
8.659 0.794
8.669 0.788
8.679 0.785
8.689 0.779
8.699 0.794
8.709 0.778
8.719 0.777
8.729 0.780
8.739 0.737
8.749 0.766
8.759 0.747
8.769 0.766
8.779 0.742
8.789 0.745
8.799 0.747
8.809 0.716
8.819 0.721
8.829 0.712
8.839 0.701
8.849 0.707
8.859 0.680
8.869 0.686
8.879 0.670
8.889 0.677
8.899 0.671
8.909 0.660
8.919 0.643
8.929 0.661
8.939 0.651
8.949 0.635
8.959 0.643
8.969 0.624
8.979 0.620
8.989 0.617
8.999 0.612
9.009 0.599
9.019 0.594
9.029 0.594
9.039 0.579
9.049 0.582
9.059 0.590
9.069 0.565
9.079 0.554
9.089 0.569
9.099 0.540
9.109 0.560
9.119 0.541
9.129 0.543
9.139 0.531
9.149 0.531
9.159 0.505
9.169 0.503
9.179 0.525
9.189 0.503
9.199 0.495
9.209 0.506
9.219 0.493
9.229 0.475
9.239 0.467
9.249 0.467
9.259 0.465
9.269 0.451
9.279 0.453
9.289 0.449
9.299 0.440
9.309 0.437
9.319 0.420
9.329 0.421
9.339 0.426
9.349 0.417
9.359 0.431
9.369 0.402
9.379 0.399
9.389 0.396
9.399 0.395
9.409 0.386
9.419 0.373
9.429 0.387
9.439 0.359
9.449 0.353
9.459 0.346
9.469 0.375
9.479 0.342
9.489 0.365
9.499 0.333
9.510 0.329
9.520 0.344
9.530 0.316
9.540 0.333
9.550 0.322
9.560 0.328
9.570 0.322
9.580 0.307
9.590 0.317
9.600 0.285
9.610 0.293
9.620 0.284
9.630 0.274
9.640 0.290
9.650 0.281
9.660 0.280
9.670 0.275
9.680 0.262
9.690 0.247
9.700 0.240
9.710 0.237
9.720 0.248
9.730 0.228
9.740 0.254
9.750 0.232
9.760 0.233
9.770 0.238
9.780 0.239
9.790 0.228
9.800 0.221
9.810 0.208
9.820 0.223
9.830 0.212
9.840 0.218
9.850 0.216
9.860 0.220
9.870 0.206
9.880 0.192
9.890 0.186
9.900 0.180
9.910 0.187
9.920 0.187
9.930 0.181
9.940 0.176
9.950 0.182
9.960 0.170
9.970 0.169
9.980 0.164
9.990 0.161
10.000 0.170
