0.000 0.028
0.010 0.028
0.020 0.033
0.030 0.006
0.040 0.025
0.050 0.028
0.060 0.037
0.070 0.009
0.080 0.015
0.090 0.033
0.100 0.021
0.110 0.014
0.120 0.009
0.130 0.003
0.140 0.015
0.150 0.025
0.160 0.025
0.170 0.026
0.180 0.005
0.190 0.043
0.200 0.011
0.210 0.005
0.220 0.019
0.230 0.012
0.240 0.018
0.250 0.025
0.260 0.026
0.270 0.031
0.280 0.008
0.290 0.036
0.300 0.021
0.310 0.018
0.320 0.029
0.330 0.022
0.340 0.031
0.350 0.006
0.360 0.025
0.370 0.018
0.380 0.012
0.390 0.029
0.400 0.036
0.410 0.041
0.420 0.032
0.430 0.019
0.440 0.024
0.450 0.022
0.460 0.042
0.470 0.027
0.480 0.028
0.490 0.011
0.501 0.018
0.511 0.023
0.521 0.024
0.531 0.020
0.541 0.005
0.551 0.012
0.561 0.009
0.571 0.025
0.581 0.045
0.591 0.021
0.601 0.030
0.611 0.037
0.621 0.036
0.631 0.022
0.641 0.020
0.651 0.021
0.661 0.027
0.671 0.026
0.681 0.023
0.691 0.022
0.701 0.035
0.711 0.025
0.721 0.020
0.731 0.024
0.741 0.017
0.751 0.032
0.761 0.014
0.771 0.034
0.781 0.015
0.791 0.024
0.801 0.007
0.811 0.019
0.821 0.019
0.831 0.027
0.841 0.022
0.851 0.024
0.861 0.031
0.871 0.033
0.881 0.026
0.891 0.028
0.901 0.018
0.911 0.015
0.921 0.040
0.931 0.005
0.941 0.025
0.951 0.033
0.961 0.027
0.971 0.019
0.981 0.027
0.991 0.047
1.001 0.047
1.011 0.035
1.021 0.014
1.031 0.032
1.041 0.027
1.051 0.036
1.061 0.016
1.071 0.010
1.081 0.037
1.091 0.022
1.101 0.024
1.111 0.014
1.121 0.029
1.131 0.035
1.141 0.011
1.151 0.025
1.161 0.028
1.171 0.021
1.181 0.011
1.191 0.030
1.201 0.027
1.211 0.012
1.221 0.022
1.231 0.023
1.241 0.024
1.251 0.010
1.261 0.040
1.271 0.020
1.281 0.016
1.291 0.012
1.301 0.025
1.311 0.011
1.321 0.022
1.331 0.031
1.341 0.026
1.351 0.018
1.361 0.004
1.371 0.043
1.381 0.029
1.391 0.047
1.401 0.010
1.411 0.012
1.421 0.029
1.431 0.024
1.441 0.032
1.451 0.024
1.461 0.021
1.471 0.026
1.481 0.035
1.491 0.019
1.502 0.026
1.512 0.011
1.522 0.022
1.532 0.026
1.542 0.048
1.552 0.025
1.562 0.008
1.572 0.024
1.582 0.038
1.592 0.026
1.602 0.032
1.612 0.020
1.622 0.012
1.632 0.007
1.642 0.027
1.652 0.002
1.662 0.037
1.672 0.029
1.682 0.030
1.692 0.029
1.702 0.026
1.712 0.030
1.722 0.031
1.732 0.038
1.742 0.019
1.752 0.034
1.762 0.033
1.772 0.016
1.782 0.035
1.792 0.038
1.802 0.036
1.812 0.018
1.822 0.037
1.832 0.021
1.842 0.032
1.852 0.038
1.862 0.019
1.872 0.023
1.882 0.022
1.892 0.043
1.902 0.038
1.912 0.048
1.922 0.018
1.932 0.019
1.942 0.032
1.952 0.027
1.962 0.017
1.972 0.047
1.982 0.041
1.992 0.043
2.002 0.032
2.012 0.036
2.022 0.039
2.032 0.038
2.042 0.026
2.052 0.020
2.062 0.035
2.072 0.032
2.082 0.041
2.092 0.039
2.102 0.035
2.112 0.041
2.122 0.037
2.132 0.045
2.142 0.028
2.152 0.035
2.162 0.046
2.172 0.022
2.182 0.037
2.192 0.022
2.202 0.045
2.212 0.060
2.222 0.050
2.232 0.045
2.242 0.027
2.252 0.044
2.262 0.045
2.272 0.031
2.282 0.060
2.292 0.034
2.302 0.058
2.312 0.051
2.322 0.037
2.332 0.038
2.342 0.065
2.352 0.046
2.362 0.046
2.372 0.061
2.382 0.058
2.392 0.055
2.402 0.050
2.412 0.057
2.422 0.043
2.432 0.061
2.442 0.061
2.452 0.051
2.462 0.061
2.472 0.057
2.482 0.072
2.492 0.054
2.503 0.070
2.513 0.081
2.523 0.060
2.533 0.071
2.543 0.088
2.553 0.058
2.563 0.076
2.573 0.060
2.583 0.086
2.593 0.081
2.603 0.080
2.613 0.083
2.623 0.078
2.633 0.073
2.643 0.079
2.653 0.076
2.663 0.072
2.673 0.092
2.683 0.081
2.693 0.090
2.703 0.078
2.713 0.105
2.723 0.088
2.733 0.087
2.743 0.093
2.753 0.088
2.763 0.093
2.773 0.108
2.783 0.115
2.793 0.106
2.803 0.132
2.813 0.109
2.823 0.125
2.833 0.130
2.843 0.122
2.853 0.113
2.863 0.118
2.873 0.114
2.883 0.125
2.893 0.124
2.903 0.129
2.913 0.128
2.923 0.124
2.933 0.132
2.943 0.152
2.953 0.139
2.963 0.136
2.973 0.140
2.983 0.143
2.993 0.150
3.003 0.152
3.013 0.150
3.023 0.155
3.033 0.148
3.043 0.172
3.053 0.189
3.063 0.147
3.073 0.166
3.083 0.177
3.093 0.168
3.103 0.178
3.113 0.169
3.123 0.193
3.133 0.206
3.143 0.193
3.153 0.195
3.163 0.197
3.173 0.199
3.183 0.206
3.193 0.235
3.203 0.212
3.213 0.218
3.223 0.224
3.233 0.209
3.243 0.222
3.253 0.222
3.263 0.232
3.273 0.240
3.283 0.246
3.293 0.228
3.303 0.241
3.313 0.270
3.323 0.263
3.333 0.265
3.343 0.255
3.353 0.273
3.363 0.275
3.373 0.285
3.383 0.284
3.393 0.289
3.403 0.300
3.413 0.301
3.423 0.307
3.433 0.303
3.443 0.306
3.453 0.313
3.463 0.316
3.473 0.310
3.483 0.319
3.493 0.322
3.504 0.347
3.514 0.339
3.524 0.329
3.534 0.343
3.544 0.369
3.554 0.374
3.564 0.361
3.574 0.375
3.584 0.361
3.594 0.383
3.604 0.372
3.614 0.396
3.624 0.405
3.634 0.402
3.644 0.388
3.654 0.416
3.664 0.432
3.674 0.412
3.684 0.411
3.694 0.421
3.704 0.446
3.714 0.438
3.724 0.449
3.734 0.448
3.744 0.446
3.754 0.453
3.764 0.471
3.774 0.460
3.784 0.474
3.794 0.497
3.804 0.486
3.814 0.497
3.824 0.493
3.834 0.528
3.844 0.501
3.854 0.533
3.864 0.526
3.874 0.527
3.884 0.533
3.894 0.548
3.904 0.542
3.914 0.551
3.924 0.551
3.934 0.575
3.944 0.557
3.954 0.581
3.964 0.558
3.974 0.584
3.984 0.584
3.994 0.615
4.004 0.608
4.014 0.602
4.024 0.620
4.034 0.608
4.044 0.636
4.054 0.624
4.064 0.641
4.074 0.654
4.084 0.648
4.094 0.647
4.104 0.662
4.114 0.684
4.124 0.656
4.134 0.683
4.144 0.681
4.154 0.700
4.164 0.707
4.174 0.709
4.184 0.709
4.194 0.709
4.204 0.720
4.214 0.727
4.224 0.733
4.234 0.724
4.244 0.752
4.254 0.740
4.264 0.756
4.274 0.758
4.284 0.756
4.294 0.765
4.304 0.768
4.314 0.769
4.324 0.790
4.334 0.782
4.344 0.796
4.354 0.809
4.364 0.812
4.374 0.826
4.384 0.830
4.394 0.816
4.404 0.828
4.414 0.841
4.424 0.824
4.434 0.849
4.444 0.853
4.454 0.842
4.464 0.857
4.474 0.852
4.484 0.868
4.494 0.874
4.505 0.876
4.515 0.868
4.525 0.874
4.535 0.891
4.545 0.876
4.555 0.883
4.565 0.886
4.575 0.898
4.585 0.917
4.595 0.913
4.605 0.907
4.615 0.904
4.625 0.911
4.635 0.924
4.645 0.918
4.655 0.935
4.665 0.927
4.675 0.929
4.685 0.928
4.695 0.933
4.705 0.946
4.715 0.934
4.725 0.951
4.735 0.965
4.745 0.950
4.755 0.946
4.765 0.963
4.775 0.977
4.785 0.947
4.795 0.976
4.805 0.959
4.815 0.950
4.825 0.952
4.835 0.969
4.845 0.959
4.855 0.973
4.865 0.978
4.875 0.966
4.885 0.974
4.895 0.972
4.905 0.995
4.915 0.978
4.925 0.967
4.935 0.971
4.945 0.974
4.955 0.972
4.965 0.973
4.975 0.968
4.985 0.979
4.995 0.976
5.005 1.000
5.015 0.985
5.025 0.980
5.035 0.977
5.045 0.965
5.055 0.958
5.065 0.984
5.075 0.986
5.085 0.976
5.095 0.965
5.105 0.987
5.115 0.969
5.125 0.973
5.135 0.973
5.145 0.973
5.155 0.978
5.165 0.970
5.175 0.971
5.185 0.963
5.195 0.954
5.205 0.967
5.215 0.963
5.225 0.968
5.235 0.965
5.245 0.955
5.255 0.950
5.265 0.938
5.275 0.940
5.285 0.918
5.295 0.950
5.305 0.937
5.315 0.939
5.325 0.939
5.335 0.928
5.345 0.953
5.355 0.934
5.365 0.913
5.375 0.900
5.385 0.902
5.395 0.904
5.405 0.891
5.415 0.907
5.425 0.900
5.435 0.901
5.445 0.888
5.455 0.873
5.465 0.887
5.475 0.874
5.485 0.868
5.495 0.861
5.506 0.863
5.516 0.872
5.526 0.848
5.536 0.840
5.546 0.847
5.556 0.858
5.566 0.837
5.576 0.830
5.586 0.840
5.596 0.834
5.606 0.819
5.616 0.807
5.626 0.813
5.636 0.792
5.646 0.780
5.656 0.812
5.666 0.798
5.676 0.790
5.686 0.765
5.696 0.772
5.706 0.773
5.716 0.754
5.726 0.751
5.736 0.740
5.746 0.740
5.756 0.738
5.766 0.733
5.776 0.734
5.786 0.724
5.796 0.726
5.806 0.713
5.816 0.723
5.826 0.696
5.836 0.700
5.846 0.690
5.856 0.685
5.866 0.679
5.876 0.680
5.886 0.675
5.896 0.670
5.906 0.670
5.916 0.662
5.926 0.672
5.936 0.658
5.946 0.638
5.956 0.609
5.966 0.637
5.976 0.629
5.986 0.619
5.996 0.613
6.006 0.616
6.016 0.603
6.026 0.607
6.036 0.570
6.046 0.566
6.056 0.553
6.066 0.560
6.076 0.553
6.086 0.568
6.096 0.544
6.106 0.535
6.116 0.539
6.126 0.529
6.136 0.531
6.146 0.514
6.156 0.498
6.166 0.520
6.176 0.510
6.186 0.492
6.196 0.484
6.206 0.478
6.216 0.467
6.226 0.468
6.236 0.482
6.246 0.478
6.256 0.465
6.266 0.449
6.276 0.449
6.286 0.442
6.296 0.450
6.306 0.446
6.316 0.436
6.326 0.423
6.336 0.413
6.346 0.398
6.356 0.401
6.366 0.400
6.376 0.389
6.386 0.398
6.396 0.385
6.406 0.370
6.416 0.377
6.426 0.360
6.436 0.364
6.446 0.352
6.456 0.365
6.466 0.370
6.476 0.360
6.486 0.329
6.496 0.340
6.507 0.338
6.517 0.319
6.527 0.313
6.537 0.307
6.547 0.305
6.557 0.299
6.567 0.293
6.577 0.299
6.587 0.291
6.597 0.297
6.607 0.289
6.617 0.277
6.627 0.273
6.637 0.280
6.647 0.267
6.657 0.261
6.667 0.254
6.677 0.244
6.687 0.255
6.697 0.247
6.707 0.252
6.717 0.237
6.727 0.215
6.737 0.237
6.747 0.245
6.757 0.215
6.767 0.235
6.777 0.205
6.787 0.220
6.797 0.221
6.807 0.210
6.817 0.227
6.827 0.207
6.837 0.194
6.847 0.199
6.857 0.197
6.867 0.193
6.877 0.192
6.887 0.198
6.897 0.186
6.907 0.181
6.917 0.167
6.927 0.167
6.937 0.149
6.947 0.168
6.957 0.179
6.967 0.166
6.977 0.175
6.987 0.165
6.997 0.171
7.007 0.141
7.017 0.155
7.027 0.154
7.037 0.150
7.047 0.147
7.057 0.128
7.067 0.148
7.077 0.128
7.087 0.128
7.097 0.137
7.107 0.134
7.117 0.123
7.127 0.110
7.137 0.134
7.147 0.118
7.157 0.137
7.167 0.121
7.177 0.109
7.187 0.105
7.197 0.131
7.207 0.128
7.217 0.114
7.227 0.102
7.237 0.088
7.247 0.109
7.257 0.094
7.267 0.110
7.277 0.086
7.287 0.091
7.297 0.098
7.307 0.083
7.317 0.104
7.327 0.093
7.337 0.094
7.347 0.072
7.357 0.080
7.367 0.073
7.377 0.076
7.387 0.091
7.397 0.074
7.407 0.075
7.417 0.087
7.427 0.089
7.437 0.082
7.447 0.060
7.457 0.058
7.467 0.083
7.477 0.070
7.487 0.058
7.497 0.058
7.508 0.064
7.518 0.058
7.528 0.070
7.538 0.071
7.548 0.053
7.558 0.046
7.568 0.057
7.578 0.062
7.588 0.067
7.598 0.057
7.608 0.036
7.618 0.065
7.628 0.047
7.638 0.051
7.648 0.060
7.658 0.044
7.668 0.051
7.678 0.036
7.688 0.030
7.698 0.058
7.708 0.042
7.718 0.040
7.728 0.044
7.738 0.050
7.748 0.049
7.758 0.047
7.768 0.039
7.778 0.056
7.788 0.046
7.798 0.031
7.808 0.055
7.818 0.037
7.828 0.021
7.838 0.037
7.848 0.034
7.858 0.038
7.868 0.048
7.878 0.048
7.888 0.047
7.898 0.042
7.908 0.032
7.918 0.043
7.928 0.044
7.938 0.046
7.948 0.042
7.958 0.029
7.968 0.034
7.978 0.034
7.988 0.040
7.998 0.021
8.008 0.044
8.018 0.027
8.028 0.031
8.038 0.024
8.048 0.044
8.058 0.042
8.068 0.026
8.078 0.032
8.088 0.027
8.098 0.032
8.108 0.033
8.118 0.036
8.128 0.035
8.138 0.035
8.148 0.028
8.158 0.027
8.168 0.047
8.178 0.009
8.188 0.023
8.198 0.019
8.208 0.036
8.218 0.030
8.228 0.032
8.238 0.035
8.248 0.023
8.258 0.013
8.268 0.026
8.278 0.014
8.288 0.039
8.298 0.034
8.308 0.024
8.318 0.032
8.328 0.041
8.338 0.031
8.348 0.033
8.358 0.035
8.368 0.012
8.378 0.028
8.388 0.022
8.398 0.027
8.408 0.026
8.418 0.027
8.428 0.018
8.438 0.041
8.448 0.025
8.458 0.026
8.468 0.026
8.478 0.032
8.488 0.023
8.498 0.006
8.509 0.007
8.519 0.014
8.529 0.015
8.539 0.033
8.549 0.002
8.559 0.023
8.569 0.009
8.579 0.000
8.589 0.038
8.599 0.029
8.609 0.016
8.619 0.016
8.629 0.016
8.639 0.028
8.649 0.023
8.659 0.036
8.669 0.027
8.679 0.018
8.689 0.005
8.699 0.020
8.709 0.026
8.719 0.012
8.729 0.019
8.739 0.032
8.749 0.018
8.759 0.018
8.769 0.042
8.779 0.024
8.789 0.040
8.799 0.033
8.809 0.017
8.819 0.016
8.829 0.022
8.839 0.010
8.849 0.026
8.859 0.032
8.869 0.019
8.879 0.024
8.889 0.010
8.899 0.024
8.909 0.036
8.919 0.025
8.929 0.033
8.939 0.023
8.949 0.023
8.959 0.041
8.969 0.010
8.979 0.026
8.989 0.035
8.999 0.007
9.009 0.023
9.019 0.018
9.029 0.010
9.039 0.033
9.049 0.022
9.059 0.040
9.069 0.041
9.079 0.007
9.089 0.031
9.099 0.008
9.109 0.015
9.119 0.020
9.129 0.032
9.139 0.039
9.149 0.033
9.159 0.017
9.169 0.023
9.179 0.014
9.189 0.032
9.199 0.029
9.209 0.013
9.219 0.021
9.229 0.026
9.239 0.014
9.249 0.026
9.259 0.019
9.269 0.024
9.279 0.030
9.289 0.013
9.299 0.030
9.309 0.024
9.319 0.014
9.329 0.033
9.339 0.029
9.349 0.016
9.359 0.037
9.369 0.049
9.379 0.026
9.389 0.033
9.399 0.019
9.409 0.037
9.419 0.013
9.429 0.023
9.439 0.040
9.449 0.029
9.459 0.041
9.469 0.006
9.479 0.047
9.489 0.037
9.499 0.018
9.510 0.031
9.520 0.021
9.530 0.023
9.540 0.019
9.550 0.037
9.560 0.023
9.570 0.030
9.580 0.022
9.590 0.006
9.600 0.021
9.610 0.026
9.620 0.017
9.630 0.018
9.640 0.037
9.650 0.024
9.660 0.026
9.670 0.027
9.680 0.015
9.690 0.033
9.700 0.014
9.710 0.024
9.720 0.016
9.730 0.028
9.740 0.026
9.750 0.005
9.760 0.010
9.770 0.010
9.780 0.036
9.790 0.039
9.800 0.028
9.810 0.028
9.820 0.023
9.830 0.012
9.840 0.043
9.850 0.010
9.860 0.021
9.870 0.017
9.880 0.024
9.890 0.016
9.900 0.030
9.910 0.011
9.920 0.010
9.930 0.016
9.940 0.012
9.950 0.021
9.960 0.029
9.970 0.019
9.980 0.020
9.990 0.031
10.000 0.009
